$MeshFormat
2.2 0 8
$EndMeshFormat
$Nodes
126
1 0 0 0
2 0 0 0.1
3 0 0.1 0.1
4 0 0.1 0
5 0.05 0.05 0.05
6 1 0 0
7 1 0 0.1
8 1 0.1 0.1
9 1 0.1 0
10 0.9 0 0
11 0.9 0 0.1
12 0.9500000000000001 0.05 0.05
13 0.9 0.1 0.1
14 0.9 0.1 0
15 0.09999999999999998 0.1 0
16 0.09999999999999998 0 0
17 0.09999999999999998 0.1 0.1
18 0.09999999999999998 0 0.1
19 0.1 0 0
20 0.2 0 0
21 0.3 0 0
22 0.4 0 0
23 0.5 0 0
24 0.6 0 0
25 0.7 0 0
26 0.8 0 0
27 0.9 0 0
28 0.1 0 0.1
29 0.2 0 0.1
30 0.3 0 0.1
31 0.4 0 0.1
32 0.5 0 0.1
33 0.6 0 0.1
34 0.7 0 0.1
35 0.8 0 0.1
36 0.9 0 0.1
37 0.1 0.1 0.1
38 0.2 0.1 0.1
39 0.3 0.1 0.1
40 0.4 0.1 0.1
41 0.5 0.1 0.1
42 0.6 0.1 0.1
43 0.7 0.1 0.1
44 0.8 0.1 0.1
45 0.9 0.1 0.1
46 0.1 0.1 0
47 0.2 0.1 0
48 0.3 0.1 0
49 0.4 0.1 0
50 0.5 0.1 0
51 0.6 0.1 0
52 0.7 0.1 0
53 0.8 0.1 0
54 0.9 0.1 0
55 0.09999999999999999 0 0
56 0.2 0 0
57 0.3 0 0
58 0.4 0 0
59 0.5 0 0
60 0.6 0 0
61 0.7000000000000001 0 0
62 0.7999999999999999 0 0
63 0.09999999999999999 0 0.1
64 0.2 0 0.1
65 0.3 0 0.1
66 0.4 0 0.1
67 0.5 0 0.1
68 0.6 0 0.1
69 0.7000000000000001 0 0.1
70 0.7999999999999999 0 0.1
71 0.15 0.05 0.05
72 0.25 0.05 0.05
73 0.35 0.05 0.05
74 0.45 0.05 0.05
75 0.55 0.05 0.05
76 0.65 0.05 0.05
77 0.7500000000000001 0.05 0.05
78 0.85 0.05 0.05
79 0.09999999999999999 0.1 0.1
80 0.2 0.1 0.1
81 0.3 0.1 0.1
82 0.4 0.1 0.1
83 0.5 0.1 0.1
84 0.6 0.1 0.1
85 0.7000000000000001 0.1 0.1
86 0.7999999999999999 0.1 0.1
87 0.09999999999999999 0.1 0
88 0.2 0.1 0
89 0.3 0.1 0
90 0.4 0.1 0
91 0.5 0.1 0
92 0.6 0.1 0
93 0.7000000000000001 0.1 0
94 0.7999999999999999 0.1 0
95 0.9 0.1 0
96 0.8 0.1 0
97 0.7 0.1 0
98 0.6000000000000001 0.1 0
99 0.5 0.1 0
100 0.4 0.1 0
101 0.2999999999999999 0.1 0
102 0.2000000000000001 0.1 0
103 0.9 0 0
104 0.8 0 0
105 0.7 0 0
106 0.6000000000000001 0 0
107 0.5 0 0
108 0.4 0 0
109 0.2999999999999999 0 0
110 0.2000000000000001 0 0
111 0.9 0.1 0.1
112 0.8 0.1 0.1
113 0.7 0.1 0.1
114 0.6000000000000001 0.1 0.1
115 0.5 0.1 0.1
116 0.4 0.1 0.1
117 0.2999999999999999 0.1 0.1
118 0.2000000000000001 0.1 0.1
119 0.9 0 0.1
120 0.8 0 0.1
121 0.7 0 0.1
122 0.6000000000000001 0 0.1
123 0.5 0 0.1
124 0.4 0 0.1
125 0.2999999999999999 0 0.1
126 0.2000000000000001 0 0.1
$EndNodes
$Elements
371
1 15 2 0 1 1
2 15 2 0 2 2
3 15 2 0 3 3
4 15 2 0 4 4
5 15 2 0 5 5
6 15 2 0 6 6
7 15 2 0 7 7
8 15 2 0 11 8
9 15 2 0 15 9
10 15 2 0 16 10
11 15 2 0 17 11
12 15 2 0 21 12
13 15 2 0 22 13
14 15 2 0 23 14
15 15 2 0 24 15
16 15 2 0 25 16
17 15 2 0 26 17
18 15 2 0 27 18
19 1 2 0 1 1 2
20 1 2 0 2 2 3
21 1 2 0 3 3 4
22 1 2 0 4 4 1
23 1 2 0 5 1 5
24 1 2 0 6 2 5
25 1 2 0 7 3 5
26 1 2 0 8 4 5
27 1 2 0 10 6 7
28 1 2 0 11 7 8
29 1 2 0 12 8 9
30 1 2 0 13 9 6
31 1 2 0 15 1 19
32 1 2 0 15 19 20
33 1 2 0 15 20 21
34 1 2 0 15 21 22
35 1 2 0 15 22 23
36 1 2 0 15 23 24
37 1 2 0 15 24 25
38 1 2 0 15 25 26
39 1 2 0 15 26 27
40 1 2 0 15 27 6
41 1 2 0 16 2 28
42 1 2 0 16 28 29
43 1 2 0 16 29 30
44 1 2 0 16 30 31
45 1 2 0 16 31 32
46 1 2 0 16 32 33
47 1 2 0 16 33 34
48 1 2 0 16 34 35
49 1 2 0 16 35 36
50 1 2 0 16 36 7
51 1 2 0 20 3 37
52 1 2 0 20 37 38
53 1 2 0 20 38 39
54 1 2 0 20 39 40
55 1 2 0 20 40 41
56 1 2 0 20 41 42
57 1 2 0 20 42 43
58 1 2 0 20 43 44
59 1 2 0 20 44 45
60 1 2 0 20 45 8
61 1 2 0 24 4 46
62 1 2 0 24 46 47
63 1 2 0 24 47 48
64 1 2 0 24 48 49
65 1 2 0 24 49 50
66 1 2 0 24 50 51
67 1 2 0 24 51 52
68 1 2 0 24 52 53
69 1 2 0 24 53 54
70 1 2 0 24 54 9
71 1 2 0 32 10 11
72 1 2 0 33 11 12
73 1 2 0 34 12 10
74 1 2 0 36 1 55
75 1 2 0 36 55 56
76 1 2 0 36 56 57
77 1 2 0 36 57 58
78 1 2 0 36 58 59
79 1 2 0 36 59 60
80 1 2 0 36 60 61
81 1 2 0 36 61 62
82 1 2 0 36 62 10
83 1 2 0 37 2 63
84 1 2 0 37 63 64
85 1 2 0 37 64 65
86 1 2 0 37 65 66
87 1 2 0 37 66 67
88 1 2 0 37 67 68
89 1 2 0 37 68 69
90 1 2 0 37 69 70
91 1 2 0 37 70 11
92 1 2 0 41 5 71
93 1 2 0 41 71 72
94 1 2 0 41 72 73
95 1 2 0 41 73 74
96 1 2 0 41 74 75
97 1 2 0 41 75 76
98 1 2 0 41 76 77
99 1 2 0 41 77 78
100 1 2 0 41 78 12
101 1 2 0 49 13 14
102 1 2 0 50 14 12
103 1 2 0 51 12 13
104 1 2 0 52 9 12
105 1 2 0 53 3 79
106 1 2 0 53 79 80
107 1 2 0 53 80 81
108 1 2 0 53 81 82
109 1 2 0 53 82 83
110 1 2 0 53 83 84
111 1 2 0 53 84 85
112 1 2 0 53 85 86
113 1 2 0 53 86 13
114 1 2 0 54 4 87
115 1 2 0 54 87 88
116 1 2 0 54 88 89
117 1 2 0 54 89 90
118 1 2 0 54 90 91
119 1 2 0 54 91 92
120 1 2 0 54 92 93
121 1 2 0 54 93 94
122 1 2 0 54 94 14
123 1 2 0 55 6 12
124 1 2 0 56 7 12
125 1 2 0 57 8 12
126 1 2 0 66 15 16
127 1 2 0 67 16 5
128 1 2 0 68 5 15
129 1 2 0 70 9 95
130 1 2 0 70 95 96
131 1 2 0 70 96 97
132 1 2 0 70 97 98
133 1 2 0 70 98 99
134 1 2 0 70 99 100
135 1 2 0 70 100 101
136 1 2 0 70 101 102
137 1 2 0 70 102 15
138 1 2 0 71 6 103
139 1 2 0 71 103 104
140 1 2 0 71 104 105
141 1 2 0 71 105 106
142 1 2 0 71 106 107
143 1 2 0 71 107 108
144 1 2 0 71 108 109
145 1 2 0 71 109 110
146 1 2 0 71 110 16
147 1 2 0 83 17 18
148 1 2 0 84 18 5
149 1 2 0 85 5 17
150 1 2 0 87 8 111
151 1 2 0 87 111 112
152 1 2 0 87 112 113
153 1 2 0 87 113 114
154 1 2 0 87 114 115
155 1 2 0 87 115 116
156 1 2 0 87 116 117
157 1 2 0 87 117 118
158 1 2 0 87 118 17
159 1 2 0 88 7 119
160 1 2 0 88 119 120
161 1 2 0 88 120 121
162 1 2 0 88 121 122
163 1 2 0 88 122 123
164 1 2 0 88 123 124
165 1 2 0 88 124 125
166 1 2 0 88 125 126
167 1 2 0 88 126 18
168 2 2 0 2 1 2 5
169 2 2 0 3 3 4 5
170 2 2 0 4 6 12 9
171 2 2 0 5 7 12 8
172 2 2 0 47 10 11 12
173 2 2 0 64 13 14 12
174 2 2 0 81 16 5 15
175 2 2 0 98 18 5 17
176 3 2 0 1 1 2 3 4
177 3 2 0 17 1 2 28 19
178 3 2 0 17 19 28 29 20
179 3 2 0 17 20 29 30 21
180 3 2 0 17 21 30 31 22
181 3 2 0 17 22 31 32 23
182 3 2 0 17 23 32 33 24
183 3 2 0 17 24 33 34 25
184 3 2 0 17 25 34 35 26
185 3 2 0 17 26 35 36 27
186 3 2 0 17 27 36 7 6
187 3 2 0 21 2 3 37 28
188 3 2 0 21 28 37 38 29
189 3 2 0 21 29 38 39 30
190 3 2 0 21 30 39 40 31
191 3 2 0 21 31 40 41 32
192 3 2 0 21 32 41 42 33
193 3 2 0 21 33 42 43 34
194 3 2 0 21 34 43 44 35
195 3 2 0 21 35 44 45 36
196 3 2 0 21 36 45 8 7
197 3 2 0 25 3 4 46 37
198 3 2 0 25 37 46 47 38
199 3 2 0 25 38 47 48 39
200 3 2 0 25 39 48 49 40
201 3 2 0 25 40 49 50 41
202 3 2 0 25 41 50 51 42
203 3 2 0 25 42 51 52 43
204 3 2 0 25 43 52 53 44
205 3 2 0 25 44 53 54 45
206 3 2 0 25 45 54 9 8
207 3 2 0 29 4 1 19 46
208 3 2 0 29 46 19 20 47
209 3 2 0 29 47 20 21 48
210 3 2 0 29 48 21 22 49
211 3 2 0 29 49 22 23 50
212 3 2 0 29 50 23 24 51
213 3 2 0 29 51 24 25 52
214 3 2 0 29 52 25 26 53
215 3 2 0 29 53 26 27 54
216 3 2 0 29 54 27 6 9
217 3 2 0 30 6 7 8 9
218 3 2 0 38 1 2 63 55
219 3 2 0 38 55 63 64 56
220 3 2 0 38 56 64 65 57
221 3 2 0 38 57 65 66 58
222 3 2 0 38 58 66 67 59
223 3 2 0 38 59 67 68 60
224 3 2 0 38 60 68 69 61
225 3 2 0 38 61 69 70 62
226 3 2 0 38 62 70 11 10
227 3 2 0 42 2 5 71 63
228 3 2 0 42 63 71 72 64
229 3 2 0 42 64 72 73 65
230 3 2 0 42 65 73 74 66
231 3 2 0 42 66 74 75 67
232 3 2 0 42 67 75 76 68
233 3 2 0 42 68 76 77 69
234 3 2 0 42 69 77 78 70
235 3 2 0 42 70 78 12 11
236 3 2 0 46 1 55 71 5
237 3 2 0 46 55 56 72 71
238 3 2 0 46 56 57 73 72
239 3 2 0 46 57 58 74 73
240 3 2 0 46 58 59 75 74
241 3 2 0 46 59 60 76 75
242 3 2 0 46 60 61 77 76
243 3 2 0 46 61 62 78 77
244 3 2 0 46 62 10 12 78
245 3 2 0 55 3 4 87 79
246 3 2 0 55 79 87 88 80
247 3 2 0 55 80 88 89 81
248 3 2 0 55 81 89 90 82
249 3 2 0 55 82 90 91 83
250 3 2 0 55 83 91 92 84
251 3 2 0 55 84 92 93 85
252 3 2 0 55 85 93 94 86
253 3 2 0 55 86 94 14 13
254 3 2 0 59 4 5 71 87
255 3 2 0 59 87 71 72 88
256 3 2 0 59 88 72 73 89
257 3 2 0 59 89 73 74 90
258 3 2 0 59 90 74 75 91
259 3 2 0 59 91 75 76 92
260 3 2 0 59 92 76 77 93
261 3 2 0 59 93 77 78 94
262 3 2 0 59 94 78 12 14
263 3 2 0 63 3 79 71 5
264 3 2 0 63 79 80 72 71
265 3 2 0 63 80 81 73 72
266 3 2 0 63 81 82 74 73
267 3 2 0 63 82 83 75 74
268 3 2 0 63 83 84 76 75
269 3 2 0 63 84 85 77 76
270 3 2 0 63 85 86 78 77
271 3 2 0 63 86 13 12 78
272 3 2 0 72 9 6 103 95
273 3 2 0 72 95 103 104 96
274 3 2 0 72 96 104 105 97
275 3 2 0 72 97 105 106 98
276 3 2 0 72 98 106 107 99
277 3 2 0 72 99 107 108 100
278 3 2 0 72 100 108 109 101
279 3 2 0 72 101 109 110 102
280 3 2 0 72 102 110 16 15
281 3 2 0 76 6 12 78 103
282 3 2 0 76 103 78 77 104
283 3 2 0 76 104 77 76 105
284 3 2 0 76 105 76 75 106
285 3 2 0 76 106 75 74 107
286 3 2 0 76 107 74 73 108
287 3 2 0 76 108 73 72 109
288 3 2 0 76 109 72 71 110
289 3 2 0 76 110 71 5 16
290 3 2 0 80 9 95 78 12
291 3 2 0 80 95 96 77 78
292 3 2 0 80 96 97 76 77
293 3 2 0 80 97 98 75 76
294 3 2 0 80 98 99 74 75
295 3 2 0 80 99 100 73 74
296 3 2 0 80 100 101 72 73
297 3 2 0 80 101 102 71 72
298 3 2 0 80 102 15 5 71
299 3 2 0 89 7 119 111 8
300 3 2 0 89 119 120 112 111
301 3 2 0 89 120 121 113 112
302 3 2 0 89 121 122 114 113
303 3 2 0 89 122 123 115 114
304 3 2 0 89 123 124 116 115
305 3 2 0 89 124 125 117 116
306 3 2 0 89 125 126 118 117
307 3 2 0 89 126 18 17 118
308 3 2 0 93 7 12 78 119
309 3 2 0 93 119 78 77 120
310 3 2 0 93 120 77 76 121
311 3 2 0 93 121 76 75 122
312 3 2 0 93 122 75 74 123
313 3 2 0 93 123 74 73 124
314 3 2 0 93 124 73 72 125
315 3 2 0 93 125 72 71 126
316 3 2 0 93 126 71 5 18
317 3 2 0 97 8 111 78 12
318 3 2 0 97 111 112 77 78
319 3 2 0 97 112 113 76 77
320 3 2 0 97 113 114 75 76
321 3 2 0 97 114 115 74 75
322 3 2 0 97 115 116 73 74
323 3 2 0 97 116 117 72 73
324 3 2 0 97 117 118 71 72
325 3 2 0 97 118 17 5 71
326 5 2 0 1 3 2 1 4 37 28 19 46
327 5 2 0 1 37 28 19 46 38 29 20 47
328 5 2 0 1 38 29 20 47 39 30 21 48
329 5 2 0 1 39 30 21 48 40 31 22 49
330 5 2 0 1 40 31 22 49 41 32 23 50
331 5 2 0 1 41 32 23 50 42 33 24 51
332 5 2 0 1 42 33 24 51 43 34 25 52
333 5 2 0 1 43 34 25 52 44 35 26 53
334 5 2 0 1 44 35 26 53 45 36 27 54
335 5 2 0 1 45 36 27 54 8 7 6 9
336 6 2 0 2 2 1 5 63 55 71
337 6 2 0 2 63 55 71 64 56 72
338 6 2 0 2 64 56 72 65 57 73
339 6 2 0 2 65 57 73 66 58 74
340 6 2 0 2 66 58 74 67 59 75
341 6 2 0 2 67 59 75 68 60 76
342 6 2 0 2 68 60 76 69 61 77
343 6 2 0 2 69 61 77 70 62 78
344 6 2 0 2 70 62 78 11 10 12
345 6 2 0 3 4 3 5 87 79 71
346 6 2 0 3 87 79 71 88 80 72
347 6 2 0 3 88 80 72 89 81 73
348 6 2 0 3 89 81 73 90 82 74
349 6 2 0 3 90 82 74 91 83 75
350 6 2 0 3 91 83 75 92 84 76
351 6 2 0 3 92 84 76 93 85 77
352 6 2 0 3 93 85 77 94 86 78
353 6 2 0 3 94 86 78 14 13 12
354 6 2 0 4 6 12 9 103 78 95
355 6 2 0 4 103 78 95 104 77 96
356 6 2 0 4 104 77 96 105 76 97
357 6 2 0 4 105 76 97 106 75 98
358 6 2 0 4 106 75 98 107 74 99
359 6 2 0 4 107 74 99 108 73 100
360 6 2 0 4 108 73 100 109 72 101
361 6 2 0 4 109 72 101 110 71 102
362 6 2 0 4 110 71 102 16 5 15
363 6 2 0 5 12 7 8 78 119 111
364 6 2 0 5 78 119 111 77 120 112
365 6 2 0 5 77 120 112 76 121 113
366 6 2 0 5 76 121 113 75 122 114
367 6 2 0 5 75 122 114 74 123 115
368 6 2 0 5 74 123 115 73 124 116
369 6 2 0 5 73 124 116 72 125 117
370 6 2 0 5 72 125 117 71 126 118
371 6 2 0 5 71 126 118 5 18 17
$EndElements
$Periodic
34
0 6 1
1
6 1
0 7 2
1
7 2
0 11 3
1
8 3
0 15 4
1
9 4
0 16 1
1
10 1
0 17 2
1
11 2
0 21 5
1
12 5
0 22 3
1
13 3
0 23 4
1
14 4
0 24 15
1
15 9
0 25 6
1
16 6
0 26 11
1
17 8
0 27 7
1
18 7
1 10 1
0
1 11 2
0
1 12 3
0
1 13 4
0
1 32 1
0
1 33 6
0
1 34 5
0
1 49 3
0
1 50 8
0
1 51 7
0
1 66 13
0
1 67 55
0
1 68 52
0
1 83 11
0
1 84 56
0
1 85 57
0
2 30 1
0
2 47 2
0
2 64 3
0
2 81 4
0
2 98 5
0
$EndPeriodic
