$MeshFormat
2.2 0 8
$EndMeshFormat
$Nodes
82
1 0 0 0
2 0 0 0.1
3 0 0.1 0.1
4 0 0.1 0
5 0.1 0 0
6 0.1 0.1 0
7 0.1 0 0.1
8 0.1 0.1 0.1
9 1 0 0
10 1 0 0.1
11 1 0.1 0.1
12 1 0.1 0
13 0.9 0 0
14 0.9 0.1 0.1
15 0.1 0 0
16 0.2 0 0
17 0.3 0 0
18 0.4 0 0
19 0.5 0 0
20 0.6 0 0
21 0.7 0 0
22 0.8 0 0
23 0.9 0 0
24 0.1 0 0.1
25 0.2 0 0.1
26 0.3 0 0.1
27 0.4 0 0.1
28 0.5 0 0.1
29 0.6 0 0.1
30 0.7 0 0.1
31 0.8 0 0.1
32 0.9 0 0.1
33 0.1 0.1 0.1
34 0.2 0.1 0.1
35 0.3 0.1 0.1
36 0.4 0.1 0.1
37 0.5 0.1 0.1
38 0.6 0.1 0.1
39 0.7 0.1 0.1
40 0.8 0.1 0.1
41 0.9 0.1 0.1
42 0.1 0.1 0
43 0.2 0.1 0
44 0.3 0.1 0
45 0.4 0.1 0
46 0.5 0.1 0
47 0.6 0.1 0
48 0.7 0.1 0
49 0.8 0.1 0
50 0.9 0.1 0
51 0.09999999999999999 0 0
52 0.2 0 0
53 0.3 0 0
54 0.4 0 0
55 0.5 0 0
56 0.6 0 0
57 0.7000000000000001 0 0
58 0.7999999999999999 0 0
59 0.09999999999999999 0.1 0.1
60 0.2 0.1 0.1
61 0.3 0.1 0.1
62 0.4 0.1 0.1
63 0.5 0.1 0.1
64 0.6 0.1 0.1
65 0.7000000000000001 0.1 0.1
66 0.7999999999999999 0.1 0.1
67 0.2 0 0.1
68 0.3 0 0.1
69 0.4 0 0.1
70 0.5 0 0.1
71 0.6 0 0.1
72 0.7 0 0.1
73 0.8 0 0.1
74 0.8999999999999999 0 0.1
75 0.2 0.1 0
76 0.3 0.1 0
77 0.4 0.1 0
78 0.5 0.1 0
79 0.6 0.1 0
80 0.7 0.1 0
81 0.8 0.1 0
82 0.8999999999999999 0.1 0
$EndNodes
$Elements
247
1 15 2 0 1 1
2 15 2 0 2 2
3 15 2 0 3 3
4 15 2 0 4 4
5 15 2 0 5 5
6 15 2 0 6 6
7 15 2 0 7 7
8 15 2 0 8 8
9 15 2 0 9 9
10 15 2 0 10 10
11 15 2 0 14 11
12 15 2 0 18 12
13 15 2 0 19 13
14 15 2 0 20 14
15 1 2 0 1 1 2
16 1 2 0 2 2 3
17 1 2 0 3 3 4
18 1 2 0 4 4 1
19 1 2 0 5 1 3
20 1 2 0 6 3 7
21 1 2 0 7 7 1
22 1 2 0 8 6 1
23 1 2 0 9 7 6
24 1 2 0 10 6 3
25 1 2 0 12 9 10
26 1 2 0 13 10 11
27 1 2 0 14 11 12
28 1 2 0 15 12 9
29 1 2 0 17 1 15
30 1 2 0 17 15 16
31 1 2 0 17 16 17
32 1 2 0 17 17 18
33 1 2 0 17 18 19
34 1 2 0 17 19 20
35 1 2 0 17 20 21
36 1 2 0 17 21 22
37 1 2 0 17 22 23
38 1 2 0 17 23 9
39 1 2 0 18 2 24
40 1 2 0 18 24 25
41 1 2 0 18 25 26
42 1 2 0 18 26 27
43 1 2 0 18 27 28
44 1 2 0 18 28 29
45 1 2 0 18 29 30
46 1 2 0 18 30 31
47 1 2 0 18 31 32
48 1 2 0 18 32 10
49 1 2 0 22 3 33
50 1 2 0 22 33 34
51 1 2 0 22 34 35
52 1 2 0 22 35 36
53 1 2 0 22 36 37
54 1 2 0 22 37 38
55 1 2 0 22 38 39
56 1 2 0 22 39 40
57 1 2 0 22 40 41
58 1 2 0 22 41 11
59 1 2 0 26 4 42
60 1 2 0 26 42 43
61 1 2 0 26 43 44
62 1 2 0 26 44 45
63 1 2 0 26 45 46
64 1 2 0 26 46 47
65 1 2 0 26 47 48
66 1 2 0 26 48 49
67 1 2 0 26 49 50
68 1 2 0 26 50 12
69 1 2 0 34 13 14
70 1 2 0 35 14 10
71 1 2 0 36 10 13
72 1 2 0 38 1 51
73 1 2 0 38 51 52
74 1 2 0 38 52 53
75 1 2 0 38 53 54
76 1 2 0 38 54 55
77 1 2 0 38 55 56
78 1 2 0 38 56 57
79 1 2 0 38 57 58
80 1 2 0 38 58 13
81 1 2 0 39 3 59
82 1 2 0 39 59 60
83 1 2 0 39 60 61
84 1 2 0 39 61 62
85 1 2 0 39 62 63
86 1 2 0 39 63 64
87 1 2 0 39 64 65
88 1 2 0 39 65 66
89 1 2 0 39 66 14
90 1 2 0 43 7 67
91 1 2 0 43 67 68
92 1 2 0 43 68 69
93 1 2 0 43 69 70
94 1 2 0 43 70 71
95 1 2 0 43 71 72
96 1 2 0 43 72 73
97 1 2 0 43 73 74
98 1 2 0 43 74 10
99 1 2 0 51 12 13
100 1 2 0 53 10 12
101 1 2 0 55 6 75
102 1 2 0 55 75 76
103 1 2 0 55 76 77
104 1 2 0 55 77 78
105 1 2 0 55 78 79
106 1 2 0 55 79 80
107 1 2 0 55 80 81
108 1 2 0 55 81 82
109 1 2 0 55 82 12
110 1 2 0 67 12 14
111 2 2 0 2 1 3 7
112 2 2 0 3 1 7 6
113 2 2 0 49 13 14 10
114 2 2 0 66 13 10 12
115 2 2 0 70 6 3 59
116 2 2 0 70 6 59 75
117 2 2 0 70 75 59 60
118 2 2 0 70 75 60 76
119 2 2 0 70 76 60 61
120 2 2 0 70 76 61 77
121 2 2 0 70 77 61 62
122 2 2 0 70 77 62 78
123 2 2 0 70 78 62 63
124 2 2 0 70 78 63 79
125 2 2 0 70 79 63 64
126 2 2 0 70 79 64 80
127 2 2 0 70 80 64 65
128 2 2 0 70 80 65 81
129 2 2 0 70 81 65 66
130 2 2 0 70 81 66 82
131 2 2 0 70 82 66 14
132 2 2 0 70 82 14 12
133 3 2 0 1 1 2 3 4
134 3 2 0 19 1 2 24 15
135 3 2 0 19 15 24 25 16
136 3 2 0 19 16 25 26 17
137 3 2 0 19 17 26 27 18
138 3 2 0 19 18 27 28 19
139 3 2 0 19 19 28 29 20
140 3 2 0 19 20 29 30 21
141 3 2 0 19 21 30 31 22
142 3 2 0 19 22 31 32 23
143 3 2 0 19 23 32 10 9
144 3 2 0 23 2 3 33 24
145 3 2 0 23 24 33 34 25
146 3 2 0 23 25 34 35 26
147 3 2 0 23 26 35 36 27
148 3 2 0 23 27 36 37 28
149 3 2 0 23 28 37 38 29
150 3 2 0 23 29 38 39 30
151 3 2 0 23 30 39 40 31
152 3 2 0 23 31 40 41 32
153 3 2 0 23 32 41 11 10
154 3 2 0 27 3 4 42 33
155 3 2 0 27 33 42 43 34
156 3 2 0 27 34 43 44 35
157 3 2 0 27 35 44 45 36
158 3 2 0 27 36 45 46 37
159 3 2 0 27 37 46 47 38
160 3 2 0 27 38 47 48 39
161 3 2 0 27 39 48 49 40
162 3 2 0 27 40 49 50 41
163 3 2 0 27 41 50 12 11
164 3 2 0 31 4 1 15 42
165 3 2 0 31 42 15 16 43
166 3 2 0 31 43 16 17 44
167 3 2 0 31 44 17 18 45
168 3 2 0 31 45 18 19 46
169 3 2 0 31 46 19 20 47
170 3 2 0 31 47 20 21 48
171 3 2 0 31 48 21 22 49
172 3 2 0 31 49 22 23 50
173 3 2 0 31 50 23 9 12
174 3 2 0 32 9 10 11 12
175 3 2 0 40 1 3 59 51
176 3 2 0 40 51 59 60 52
177 3 2 0 40 52 60 61 53
178 3 2 0 40 53 61 62 54
179 3 2 0 40 54 62 63 55
180 3 2 0 40 55 63 64 56
181 3 2 0 40 56 64 65 57
182 3 2 0 40 57 65 66 58
183 3 2 0 40 58 66 14 13
184 3 2 0 44 3 7 67 59
185 3 2 0 44 59 67 68 60
186 3 2 0 44 60 68 69 61
187 3 2 0 44 61 69 70 62
188 3 2 0 44 62 70 71 63
189 3 2 0 44 63 71 72 64
190 3 2 0 44 64 72 73 65
191 3 2 0 44 65 73 74 66
192 3 2 0 44 66 74 10 14
193 3 2 0 48 7 1 51 67
194 3 2 0 48 67 51 52 68
195 3 2 0 48 68 52 53 69
196 3 2 0 48 69 53 54 70
197 3 2 0 48 70 54 55 71
198 3 2 0 48 71 55 56 72
199 3 2 0 48 72 56 57 73
200 3 2 0 48 73 57 58 74
201 3 2 0 48 74 58 13 10
202 3 2 0 57 6 1 51 75
203 3 2 0 57 75 51 52 76
204 3 2 0 57 76 52 53 77
205 3 2 0 57 77 53 54 78
206 3 2 0 57 78 54 55 79
207 3 2 0 57 79 55 56 80
208 3 2 0 57 80 56 57 81
209 3 2 0 57 81 57 58 82
210 3 2 0 57 82 58 13 12
211 3 2 0 65 7 6 75 67
212 3 2 0 65 67 75 76 68
213 3 2 0 65 68 76 77 69
214 3 2 0 65 69 77 78 70
215 3 2 0 65 70 78 79 71
216 3 2 0 65 71 79 80 72
217 3 2 0 65 72 80 81 73
218 3 2 0 65 73 81 82 74
219 3 2 0 65 74 82 12 10
220 5 2 0 1 3 2 1 4 33 24 15 42
221 5 2 0 1 33 24 15 42 34 25 16 43
222 5 2 0 1 34 25 16 43 35 26 17 44
223 5 2 0 1 35 26 17 44 36 27 18 45
224 5 2 0 1 36 27 18 45 37 28 19 46
225 5 2 0 1 37 28 19 46 38 29 20 47
226 5 2 0 1 38 29 20 47 39 30 21 48
227 5 2 0 1 39 30 21 48 40 31 22 49
228 5 2 0 1 40 31 22 49 41 32 23 50
229 5 2 0 1 41 32 23 50 11 10 9 12
230 6 2 0 2 1 3 7 51 59 67
231 6 2 0 2 51 59 67 52 60 68
232 6 2 0 2 52 60 68 53 61 69
233 6 2 0 2 53 61 69 54 62 70
234 6 2 0 2 54 62 70 55 63 71
235 6 2 0 2 55 63 71 56 64 72
236 6 2 0 2 56 64 72 57 65 73
237 6 2 0 2 57 65 73 58 66 74
238 6 2 0 2 58 66 74 13 14 10
239 6 2 0 3 7 1 6 67 51 75
240 6 2 0 3 67 51 75 68 52 76
241 6 2 0 3 68 52 76 69 53 77
242 6 2 0 3 69 53 77 70 54 78
243 6 2 0 3 70 54 78 71 55 79
244 6 2 0 3 71 55 79 72 56 80
245 6 2 0 3 72 56 80 73 57 81
246 6 2 0 3 73 57 81 74 58 82
247 6 2 0 3 74 58 82 10 13 12
$EndElements
$Periodic
19
0 9 1
1
9 1
0 10 7
1
10 7
0 14 3
1
11 3
0 18 6
1
12 6
0 19 1
1
13 1
0 20 3
1
14 3
1 12 1
0
1 13 2
0
1 14 3
0
1 15 4
0
1 34 5
0
1 35 6
0
1 36 7
0
1 51 8
0
1 53 9
0
1 67 10
0
2 32 1
0
2 49 2
0
2 66 3
0
$EndPeriodic
